0,the,lng,lat,none,set
1,A01,114.007401,22.535500,2,112
2,FN0002,114.0090009,22.53423323,2,6
3,N04,113.987547,22.560519,1,40
4,D08,114.088303,22.562599,1,20
5,LJDL,114.361504,22.678499,2,16
6,D10,114.074406,22.559000,1,16
7,B04,113.922977,22.546375,1,20
8,D01,114.123241,22.562538,1,12
9,C01,114.101748,22.582541,1,52
10,E11,114.068837,22.573326,1,20
11,A02,114.023404,22.542650,1,16
12,E01,114.023902,22.619512,2,16
13,F02,113.817750,22.650682,1,8
14,A08,113.944128,22.506854,2,14
15,A09,113.941642,22.527053,1,16
16,A10,113.962844,22.528519,1,14
17,BN0002,113.8149322,22.6513225,2,12
18,D06,114.304419,22.600844,2,16
19,N02,114.032902,22.524276,1,16
20,F07,113.858390,22.579457,1,8
21,A03,113.995054,22.547247,1,16
22,E04,114.003978,22.636233,2,10
23,D09,114.045125,22.551410,2,10
24,F08,113.838486,22.609576,2,16
25,F10,114.043404,22.601,2,12
26,F11,113.985199,22.547701,2,12
27,F12,113.8134,22.624201,1,100
28,F13,114.135002,22.544001,1,100
29,PSBYD,114.353401,22.679399,1,12
30,S1,113.8564,22.616899,1,100
31,F15,114.031502,22.5252,1,100
32,S2,114.1798,22.5585,1,100
33,F16,113.931297,22.546801,2,100
34,F17,114.105499,22.615999,1,100
35,F18,113.946899,22.5581,1,100
36,F19,114.047897,22.5383,2,100
37,F20,113.946899,22.558001,1,100
38,F21,113.916603,22.5623,2,100
39,F22,114.105499,22.615801,1,100
40,F23,113.960098,22.5418,1,100
41,F24,114.175697,22.562201,1,100
42,F25,113.939697,22.490299,1,100
43,F26,114.046204,22.5947,1,100
44,F27,114.183403,22.555901,1,100
45,F28,114.032097,22.5277,1,100
46,F29,114.1157,22.5893,1,100
47,F30,114.157402,22.615499,1,100
48,F31,114.0606,22.561501,1,100
49,F32,114.054001,22.518801,1,100
50,F33,113.881401,22.563601,1,100
51,F34,114.0271,22.6134,1,100
52,F35,113.903702,22.5872,1,100